timestamp,robot_x,robot_y,robot_wp,robot_orientation_z,robot_orientation_w,robot_linear_velocity_x,robot_linear_velocity_y,robot_speed,robot_angular_velocity_z,robot_linear_acceleration_x,robot_linear_acceleration_y,robot_acceleration,worker1_x,worker1_y,worker1_wp,worker1_orientation_z,worker1_orientation_w,worker1_linear_velocity_x,worker1_linear_velocity_y,worker1_speed,worker1_angular_velocity_z,worker2_x,worker2_y,worker2_wp,worker2_orientation_z,worker2_orientation_w,worker2_linear_velocity_x,worker2_linear_velocity_y,worker2_speed,worker2_angular_velocity_z,cumulative_heading_changes,distance_to_closest_person,completed,robot_on_person_collision,person_on_robot_collision,time_not_moving,robot_linear_speed,robot_angular_speed,robot_jerk,avg_pedestrian_velocity,avg_closest_pedestrian_velocity
0.0,-0.09999984773470284,-6.750000322351062,G19,0.6816387719627354,0.7316888577505564,0.0,0.0,0.0,0.0,-1.6741698570973334e-06,1.7672949517228003e-05,1.7752070001802686e-05,2.8,-0.35,D12,0.0,1.0,0.0,0.0,0.0,0.0,-0.1,-5.8,G18,0.0,1.0,0.0,0.0,0.0,0.0,0.0,0.20000032235107468,False,0,0,0,0.0,0.0,0.0,0.0,0.0
0.509190765,-0.08998253698852458,-6.592685887039665,G19,0.6851010759875356,0.7284480185160096,0.2631578846544184,-3.469446951953614e-18,0.2631578846544184,0.0,-1.6852667794690865e-06,1.7672114125032524e-05,1.7752288352946395e-05,2.379270905066366,-0.3434705648909643,D12,0.994549791035257,0.10426271218286409,-1.349351580810887,0.01345016450043035,1.3494186139082,1.9893769919872284,-0.12047011101117658,-5.760044477824203,G18,0.9439606378466934,0.3300580467070358,-0.09142046646583815,0.30449228125391414,0.31792019601158433,-6.063900137947629,0.009484857459483464,0.08319938100678959,False,0,0,0,0.2631578846544184,0.0,4.2881992117086075e-10,0.8336694049598922,0.31792019601158433
1.0091915180000002,-0.08329410146408206,-6.483733101123285,G19,0.6851010759275435,0.7284480185724295,0.21052662055385069,4.637685985763029e-08,0.2105266205538558,-7.320795853595046e-10,-1.6852646543766951e-06,1.767211888623673e-05,1.775229289090782e-05,1.9337646089136895,-0.3433637731015734,E12,-0.9999993694052388,0.001123026769409583,-0.9682490871439575,-0.0021747025068746817,0.9682515293487021,0.0008225440979003906,-0.1607681401120047,-5.57030402144938,G18,0.7812616400771412,0.6242036925106863,-0.07410905422515435,0.3274492765339243,0.33573081571511615,0.2023601531982422,1.6471179975496852e-10,0.16670873796333818,False,0,0,0,0.2105266205538558,-7.320795853595046e-10,9.075909185926359e-12,0.6519911725319091,0.33573081571511615
1.5093432480000002,-0.05158174136266971,-6.272151095699532,G18,0.5954121025380001,0.8034204553970813,0.4998667515202765,0.003095034900970073,0.49987633322300035,-0.5928027997787453,-0.31490546053720314,-0.11802074451791843,0.3362950270413046,1.2549064667950744,-0.34621727146666126,F12,-0.9999959319208058,0.00285239230105554,-1.4627922961697837,-0.008344870394134674,1.462816098693053,0.007987022399902344,-0.21566899507996656,-5.438191474081269,G18,0.8547565011421874,0.5190292128148144,-0.1599486302807024,0.30770821216192346,0.34679663804679556,0.15215158462524414,0.23392791722864725,0.09994898512920203,False,0,0,0,0.49987633322300035,-0.5928027997787453,0.6723505180086324,0.9048063683699242,0.34679663804679556
2.009679652,0.04265152051244389,-6.046301071974245,G18,0.5378019340431879,0.8430712186633914,0.500000311809234,4.3847450392764387e-08,0.5000003118092359,-7.503447286780207e-10,-1.2634495755972228e-06,1.7783022448756374e-05,1.7827848783379614e-05,0.8331996095474171,-0.34758377546759356,F12,-0.99999976665665,0.000683144673889765,-1.1769646111119958,-0.0016081590263034018,1.1769657097747008,-0.0005841255187988281,-0.34708044676832706,-5.248769977098478,G17,0.9183923399506677,0.3956709616839946,-0.34263872218473823,0.36252869995704984,0.49882697624821665,1.0545849800109863,0.1399015286005647,0.1376637052478149,False,0,0,0,0.5000003118092359,-7.503447286780207e-10,0.6721022026462846,0.8378963430114588,0.49882697624821665
2.519235576,0.14774260845223106,-5.821117017942601,G18,0.5369687121896124,0.8436021586794321,0.5000000627089165,1.6999143231943847e-08,0.5000000627089168,-2.88938092766503e-10,-1.261378097413552e-06,1.7784021860070592e-05,1.7828699005370617e-05,0.2752298879074774,-0.3486742766055814,G12,-0.9999992739357759,0.001205042705032629,0.0,0.0,0.0,0.0,-0.5753353721547114,-5.173994272617176,H17,0.9985185063547781,0.05441316446433622,-0.5187765827742952,-0.03316524063957438,0.5198356240405769,1.7272290785843936,0.0019760121834813127,0.22036571124299764,False,0,0,0,0.5000000627089168,-2.88938092766503e-10,1.6685548159835664e-09,0.25991781202028846,0.5198356240405769
3.019374648,0.24992813961252122,-5.5995445053284545,G18,0.5429727536509255,0.8397503133621947,0.5000085695099263,-0.00010402591576402775,0.5000085803311319,0.03952023712900504,0.01975733821061965,-0.00044627519289448374,0.01976237775968783,0.11846379536810459,-0.7201828661975684,G12,-0.8339926030526817,0.551775622924221,-0.5088888990870352,-1.1975781793104412,1.3012153577231274,1.4310741424560547,-0.8338415663360315,-5.36440369530647,H18,-0.9268513196457749,0.3754285967675952,-0.4650841137650008,-0.6256811887590619,0.7796025800646949,1.618628361573644,0.014266806509392271,0.3589851108421642,False,0,0,0,0.5000085803311319,0.03952023712900504,0.03947811751984547,1.040408968893911,0.7796025800646949
3.529258078,0.3417198956093519,-5.369284063904631,G18,0.5853165208207411,0.8108048904967685,0.5000433784090572,-0.0011290129429738782,0.5000446529670816,0.19760117130217367,0.09879532886424314,-0.011567526657049307,0.09947022005784192,-0.08214261598344288,-1.402011655843642,G13,-0.7585562628926564,0.6516075475516894,-0.21968639936696405,-1.4399987122827551,1.4566600171085955,0.5129432678222656,-0.5157541323039172,-5.663883722973927,H18,-0.31334159052378646,0.9496404833662178,1.1352867033596137,-0.6003007641258584,1.2842261896703513,1.5102504894991353,0.10259452419176185,0.15667009858578174,False,0,0,0,0.5000446529670816,0.19760117130217367,0.15632561799106534,1.3704431033894733,1.2842261896703513
4.0396179299999995,0.40870267755960116,-5.1300629042474535,F17,0.6244086855906308,0.7810978129262401,0.5000434283183889,-0.000837181264563891,0.5000441291294974,0.19760118932229087,0.09879604374984406,-0.011566999667068567,0.09947086881051691,-0.12093867823721377,-1.8968484749943466,G14,-0.7025695850740307,0.7116150491163775,0.007634724574156759,-0.596790206948814,0.5968390403863771,0.7847166061401367,-0.40819514512832883,-6.323025534306547,G19,-0.6139399534572324,0.7893527307540852,0.36149554053734156,-1.4233786604353416,1.4685659116332137,1.3971149921417236,0.09820778487636117,0.6958498848185415,False,0,0,0,0.5000441291294974,0.19760118932229087,1.2711671430294369e-06,1.0327024760097954,1.4685659116332137
4.549285439999999,0.4529540896742922,-4.885586138089355,F17,0.6548270722920572,0.7557787410298034,0.5000258608254411,-0.00031202844724527445,0.500025958182148,0.11856071063157705,0.059281380697274955,-0.004153254437947227,0.059426691139601334,-0.13972554101847984,-2.489491820581856,G14,-0.7281257383222737,0.6854435857112122,-0.07943695355699748,-1.3142179317229674,1.3166164975620693,-0.31145334243774414,-0.28259342500168805,-6.366965134434422,G19,0.20996661235854547,0.9777085566234328,0.3991857685222,0.585453199842485,0.7085934850084809,5.492804795503618,0.07915903344576147,0.9039388976495868,False,0,0,0,0.500025958182148,0.11856071063157705,0.07856921794154699,1.012604991285275,0.7085934850084809
5.059268714999999,0.4816817395652872,-4.637263018435072,F17,0.6737022588277609,0.7390028866314071,0.500008586918904,-0.00010397051454739265,0.5000085977285862,0.039520237131982966,0.019757410930574083,-0.00044760787385985165,0.01976248060058022,-0.18716278073278578,-3.1710413246484177,G15,-0.7295410546766705,0.6839370216191336,-0.08990255932598834,-1.3917961579953486,1.394696746817736,0.16135573387145996,-0.04766730023751879,-6.087117530836107,G18,0.056106577074496324,0.9984247853539011,0.3103647674538058,-0.19678510310092712,0.3674924022059469,-6.7734900349751115,0.05050686484369393,0.7934663951864305,False,0,0,0,0.5000085977285862,0.039520237131982966,0.07777551242052229,0.8810945745118415,0.3674924022059469
5.559664348999999,0.5010862164026623,-4.394537466100159,F16,0.6822285818685527,0.7311389485458982,0.5000090214819953,-0.0002453619370558213,0.5000090816833856,0.03952023914019808,0.019757525444941366,-0.0004448204869834666,0.01976253214983206,-0.19253517877060788,-3.5783446097875298,G16,-0.7031854077377264,0.7110065276386198,0.0,0.0,0.0,0.0,-0.007870580065725495,-6.428006621043383,G19,-0.6475981856338894,0.7619820141996099,0.0,0.0,0.0,0.0,0.023198380568207888,0.3211122343330237,False,0,0,0,0.5000090816833856,0.03952023914019808,1.0301698963138184e-07,0.0,0.0
6.069570261999999,0.5158965050507733,-4.146979750378227,F16,0.6893616070390883,0.7244174036697772,0.5000088216519626,-0.0001673966496108653,0.5000088496731057,0.039520240831762,0.019757610735299785,-0.000447115998713108,0.019762669219615513,-0.22466497652477607,-3.4092907232359275,G15,-0.9850221637434816,0.17242777309386603,-0.06748749864129572,-0.36679333366977485,0.37295028099928507,10.42250545816966,-0.03736920152505518,-6.1421322384712616,G18,0.6754455057584143,0.7374099055144024,0.0,0.0,0.0,0.0,0.01960203893096857,0.29528293239654757,False,0,0,0,0.5000088496731057,0.039520240831762,2.688138732254103e-07,0.18647514049964253,0.37295028099928507
6.5793348279999995,0.5258820910371733,-3.898179748667992,F16,0.6964567728936373,0.7175987482498548,0.5000085854277995,-0.0001265852500108005,0.5000086014513496,0.039520239901885613,0.021953046433150474,-0.0004974799710418038,0.021958682428999433,-0.3018882533288314,-3.556515140418262,G16,-0.9999839782085398,0.00566068248734516,-0.27829562055699864,0.7231678703430688,0.7748678733292113,-12.147583087259015,-0.05121834720031419,-6.430054701067401,G19,-0.6544438124614551,0.7561106376258144,0.0,0.0,0.0,0.0,0.019681079408872648,0.14551016049079846,False,0,0,0,0.5000086014513496,0.039520239901885613,0.004307896930960711,0.3874339366646056,0.7748678733292113
7.089826605999999,0.5312746996280712,-3.65023747293826,F16,0.7016564934878499,0.7125153788835109,0.500000370077214,4.655204495843113e-08,0.5000003700772161,-9.086207253756135e-10,-1.739029634654843e-06,1.7664340181200404e-05,1.7749736282755833e-05,-0.35894794056548124,-3.425981676669211,G15,-0.9267911075802773,0.3755772129803975,-0.12602349140757418,-0.6865507025493001,0.6980213374657629,6.192178865286966,-0.05466814999446952,-6.143413161163753,G18,0.6418130140750883,0.766861170593381,-0.008182347471284435,0.9946863132286055,0.9947199668924196,1.8530189990997314,0.014543448198945264,0.1680343192242021,False,0,0,0,0.5000003700772161,-9.086207253756135e-10,0.04297999230991865,0.8463706521790912,0.6980213374657629
7.599426096999999,0.5338988207715138,-3.4022505254592708,F15,0.7037653165858955,0.7104325296394651,0.5000001318106138,3.162154526160227e-08,0.5000001318106148,-4.4201898795971026e-10,-1.7460845727315754e-06,1.7669416418685063e-05,1.7755480503552375e-05,-0.3803316671178919,-3.703234298514314,G16,-0.7542083471778093,0.6566351871833531,0.0,0.0,0.0,0.0,-0.033494434102586214,-5.864634938612265,G18,0.6816616560185299,0.7316675383766014,0.06910678420070336,0.9753691391799713,0.9778142488669517,0.2217411994934082,0.005928035851514579,0.21250122941685146,False,0,0,0,0.5000001318106148,-4.4201898795971026e-10,1.1272030090277003e-08,0.48890712443347584,0.0
8.109198408,0.536232447387003,-3.1547615331495074,F15,0.7037653165257994,0.7104325296989997,0.500000316165191,4.335255564692081e-08,0.5000003161651929,-9.634572032481214e-10,-1.7460816879098752e-06,1.766941863815445e-05,1.775548242856876e-05,-0.37436460633024277,-3.2618365738576776,G15,0.7166450799511119,0.6974380469847228,0.14157217677402023,1.0585503931824913,1.0679754754409585,-1.6011630172547342,-0.03871220384833657,-5.25080436871882,G17,0.7313031326909641,0.6820525845683617,-0.09294659634251477,1.3320360840638834,1.3352749525921257,0.34854888916015625,1.691815576521094e-10,0.16687079710348773,False,0,0,0,0.5000003161651929,-9.634572032481214e-10,3.7762278281139924e-12,1.2016252140165422,1.0679754754409585
8.619468566999998,0.5385896460511268,-2.9047726526353475,F15,0.7037653164654788,0.7104325297587544,0.5000003161652014,4.335256384175451e-08,0.5000003161652032,-9.63513893832294e-10,-1.746081421019901e-06,1.7669417585626132e-05,1.775548135489615e-05,-0.4628812291205456,-2.8644804803943966,G15,0.7386090322100086,0.6741340352910498,-0.11444018379853704,1.2511665494613444,1.2563893863603153,-0.9582436084747314,-0.08451587508764773,-4.571425419676328,G17,0.7299605199708797,0.6834893117553799,-0.09047419948511451,1.3744260622611737,1.377400661171334,0.07426619529724121,1.698139406869359e-10,0.25228108480655753,False,0,0,0,0.5000003161652032,-9.63513893832294e-10,2.1041258088747023e-12,1.3168950237658246,1.2563893863603153
9.129180887999999,0.5407449859764372,-2.656282104808925,F15,0.7037653164058514,0.7104325298178201,0.5000002998660582,4.6749405778825914e-08,0.5000002998660604,-7.294251150427775e-10,-1.8069870401207835e-06,1.8132319859857122e-05,1.8222135595569843e-05,-0.37955745222386245,-2.33938006659096,G14,0.590301005757371,0.8071832026261673,0.0,0.0,0.0,0.0,-0.10537716576667625,-4.333160697896116,G16,-0.9998143059322055,0.01927053847981569,-0.00058029529095463,-0.38177711739610487,0.38177755841576644,15.307329018884381,1.6786216860964487e-10,0.22333626233903192,False,0,0,0,0.5000002998660604,-7.294251150427775e-10,9.155247410111019e-07,0.19088877920788322,0.0
9.629281627,0.5430503262838743,-2.411792979781841,F14,0.7037653163469063,0.7104325298762115,0.5000002288603157,4.138067628660369e-08,0.5000002288603175,-5.974151957557881e-10,-1.7460868360696346e-06,1.766941760009496e-05,1.7755481901813906e-05,-0.40228407615410383,-1.9050631401119622,G14,0.6969299793897697,0.7171391802347541,0.03979298869533965,1.3919067913758143,1.39247549272058,-0.6888043880462646,-0.10465292461492583,-4.45031733643325,G17,0.9952848488304322,0.0969952044617863,0.0029056501645051414,0.37003252993009106,0.37004393794432333,-13.843527158075055,1.659410386878335e-10,0.322582054131352,False,0,0,0,0.5000002288603175,-5.974151957557881e-10,9.331193844845255e-07,0.8812597153324517,1.39247549272058
10.139135294999999,0.5453886673317226,-2.1638040099147093,F14,0.7037653162867411,0.710432529935814,0.49999993057560393,-3.3199761420923957e-09,0.49999993057560393,-3.2634615565304203e-11,-1.7460861690908786e-06,1.7669417195587314e-05,1.7755481433675832e-05,-0.3192969069655161,-1.4016660543209605,G13,0.666579629826957,0.7454338314698072,-0.04793983683705705,0.6851165195733233,0.6867917248687753,1.8143397569656372,-0.1031062508163763,-4.402475025338216,G17,-0.9059308953897162,0.42342556934883746,0.0037104793795407487,-0.6532391160672102,0.6532496539742644,7.020299275729318,1.6937651281523358e-10,0.4026211024245412,False,0,0,0,0.49999993057560393,-3.2634615565304203e-11,9.181812425851111e-13,0.6700206894215198,0.6867917248687753
10.639156966,0.5476845788151706,-1.9203148402674406,F14,0.7037653162280649,0.7104325299939396,0.5000003390668891,4.660782416694015e-08,0.5000003390668912,-9.08072204051907e-10,-1.7460850096466752e-06,1.7669417294620408e-05,1.7755481418208394e-05,-0.2495464241846814,-0.7248494880370545,G12,0.6384211883353615,0.7696872002862363,0.2772552356804378,1.4741538367103302,1.5000000000000007,-0.4753530025482178,-0.10177077861632432,-4.300423847930726,G16,0.8182642539760572,0.5748422485038888,0.0030989017556495857,0.8607697178481821,0.8607752960886658,-3.495736340688298,1.65184310674249e-10,0.6869115075492545,False,0,0,0,0.5000003390668912,-9.08072204051907e-10,3.093353579238989e-14,1.1803876480443332,1.5000000000000007
11.139793107,0.5516730238869523,-1.6773545934158953,F13,0.697788474874088,0.7163038770885365,0.49999145376756504,0.00016746248193886745,0.4999914818117264,-0.03952024171737918,-0.019760313896236496,-0.0004445198070966173,0.019765313130246594,-0.13609217929159018,0.015462423102619333,G12,0.6724553932654641,0.7401376521081671,0.14341130784980866,1.493128660491388,1.4999999999999998,0.15250086784362793,-0.10158969987119566,-4.112060973525884,G16,0.7069611642896776,0.7072523681022097,0.0003544742844480142,0.8608594589486795,0.8608595319292408,0.010164976119995117,0.016756581977880103,1.077197423957758,False,0,0,0,0.4999914818117264,-0.03952024171737918,0.03944493022294292,1.1804297659646203,1.4999999999999998
11.649234688,0.5583772167212774,-1.4279426879002612,F13,0.7004316589014064,0.713719476410263,0.5000099278386747,-0.0001422955989733403,0.5000099480863097,0.039520623445576705,0.019536203683104204,-0.0006439998473920953,0.019546815345502584,-0.1168386860665883,0.44057091515122354,G11,0.6951096760454404,0.7189037058382735,0.03919063245045998,1.164165449096321,1.1648249218408344,-0.10882854461669922,-0.11015953919494019,-3.5172039709327687,G16,0.7149933031843082,0.6991313012600651,-0.02957532985545075,1.3181831897826246,1.3185149305038428,0.02176523208618164,0.007393392588224579,1.2367711494195988,False,0,0,0,0.5000099480863097,0.039520623445576705,0.00042889664466554513,1.2416699261723387,1.1648249218408344
12.159180524,0.5606968156741685,-1.1814559478983941,F13,0.7073509546921886,0.7068625233347893,0.5000089948411746,-0.0002062777419769834,0.5000090373909142,0.039520239930082794,0.01975742000688907,-0.00044605264353300337,0.019762454510748994,-0.07414903364323316,0.9579900084344943,G10,0.6669002067641354,0.7451470420111411,0.0,0.0,0.0,0.0,-0.11165767968481734,-3.1944580791451136,G15,0.7045134046153858,0.7096906810133818,0.006277173121235213,0.8573085134385172,0.8573314937155605,0.025026798248291016,0.019482834712053254,1.3723190494912094,False,0,0,0,0.5000090373909142,0.039520239930082794,0.00042286680275277396,0.42866574685778025,0.8573314937155605
12.659292677,0.5593979085316512,-0.9384621219333502,F13,0.7092157254769865,0.7049915279696211,0.4999985907799965,3.302925599158249e-06,0.49999859079090586,-1.4465266934264116e-06,-0.00023183267200272166,0.00020847902630426453,0.00031178500960869776,-0.005319184703680778,1.428403726892743,G10,0.6551200617534091,0.7555247876067399,0.17036940467833525,1.1907470246784713,1.2028733145394332,0.08305191993713379,-0.12010099623221453,-2.6053814249711214,G15,0.7157722403019567,0.6983338027140873,-0.03209537290820019,1.3011329950145623,1.3015287871106354,0.04230380058288574,0.00528317979887305,1.0500940876563152,False,0,0,0,0.49999859079090586,-1.4465266934264116e-06,0.03889261515534557,1.2522010508250343,1.3015287871106354
13.159367201,0.5579391041276782,-0.6949638398552436,F12,0.7092175117829476,0.7049897311164262,0.49999517892248796,-1.2820044022628617e-06,0.49999517892413153,1.5015043276367234e-07,0.008968186544637697,-0.0032901820062351994,0.009552678552823523,0.029176364287210165,1.8042275540261032,G9,0.6883787809995178,0.7253514002672208,0.0,0.0,0.0,0.0,-0.12218599332345342,-2.288622357725238,G14,0.7057812612214885,0.7084298210187124,0.003141193197759018,0.8386310755457416,0.8386369583828946,0.06901383399963379,5.067600635566549e-06,0.9827197176007718,False,0,0,0,0.49999517892413153,1.5015043276367234e-07,0.018479032823545353,0.4193184791914473,0.8386369583828946
13.669307525,0.558323326723842,-0.44598011859408326,F12,0.6986778632737337,0.7154364006467856,0.4999740829448683,0.0006775013534787849,0.499974541976535,-0.11856071563625162,-0.06586618712007118,-0.004610971135106458,0.06602738568613038,0.02466526049263019,1.7894988708470725,G9,0.4804272378664953,0.8770345883236134,-0.02904124189057139,0.8479584816701791,0.8484556443132086,6.027477979660034,-0.147359773715069,-1.7303687498032627,G14,0.7274377310723736,0.6861737006125177,-0.07099365571915289,1.2150034109481456,1.217075752682633,-0.03360629081726074,0.02967969921619673,0.7154838089260707,False,0,0,0,0.499974541976535,-0.11856071563625162,0.11074767865054502,1.0327656984979208,1.217075752682633
14.179188219,0.5710634227315977,-0.19684709418123125,F12,0.6808668991191005,0.7324071720587656,0.499991589777971,0.00020637139109801889,0.4999916323678366,-0.039520241283623636,-0.019760562011282824,-0.0004440595922850636,0.019765550837840422,0.020319182814997738,1.6904779394393612,G10,0.17209433836363133,0.9850804732118,-0.031732374643230095,0.5384894044066479,0.5394235647973906,12.837461233139038,-0.14973884625477546,-1.719000951092635,G14,-0.9157392630571516,0.4017730728851112,0.03278417737057143,-0.7046278283444085,0.7053900897824,7.903852899882455,0.049204392281096965,0.9341936572396197,False,0,0,0,0.4999916323678366,-0.039520241283623636,0.09073070503094985,0.6224068272898953,0.7053900897824
14.679200809000001,0.5913537476142867,0.044796922670164704,F12,0.675581359286258,0.7372854447119592,0.499999972958591,-3.3919008643468196e-09,0.499999972958591,-3.329573113153824e-11,-1.674481056266774e-06,1.7658906932612807e-05,1.7738119428577452e-05,0.043806115505584164,1.918405603829079,G9,0.5997231315749443,0.8002075764787172,0.16980917596288245,0.8817206445209935,0.8979234105510945,0.9422725439071655,-0.13621057913106518,-1.7095708513478751,G14,0.8948164743873983,0.44643418010374886,0.04761008366040237,0.6413775064485994,0.6431421505735522,-7.193386693808694,0.014385367349222467,1.1492514673063778,False,0,0,0,0.499999972958591,-3.329573113153824e-11,0.039494630962016004,0.7705327805623233,0.6431421505735522
15.179743461000001,0.6130524079997174,0.287828248989085,F11,0.673115461297664,0.7395374066003784,0.49999162816339277,0.0002651727459553055,0.4999916984811504,-0.03952024092609596,-0.019760325798582876,-0.0004452157503749489,0.01976534069350999,0.10579584864058879,2.413406851792406,G9,0.6849929543354486,0.7285496911747297,0.08365355987242237,1.3561109728466514,1.3586886651306178,0.5239224433898926,-0.12477297940093185,-1.728032431946419,G14,-0.9010725997154461,0.4336682718876809,0.035164322409709514,-0.6560339028704942,0.6569756550177693,7.2722668846579985,0.006678920751427508,1.3966440289984439,False,0,0,0,0.4999916984811504,-0.03952024092609596,0.03945238731440095,1.0078321600741935,0.6569756550177693
15.689151815,0.637037347108533,0.5361725810865903,F11,0.673363850167694,0.7393112506154083,0.500009019208767,-0.000245356409462133,0.5000090794074451,0.03952023913999345,0.019757678104466683,-0.0004468090412162977,0.019762729629255033,0.10174083072001511,2.857217800650921,G8,0.6901743909031142,0.7236430820104034,0.04785435276103034,1.0101901270247993,1.0113229611832992,-0.02598285675048828,-0.11350359042736026,-1.6264560106250272,G13,0.8118855574675107,0.5838166163922276,0.02896182599556013,0.8598742531786874,0.8603618533178946,-3.5762161711917617,0.0006718439144730581,1.5391645036138906,False,0,0,0,0.5000090794074451,0.03952023913999345,5.1256800844595315e-06,0.9358424072505969,0.8603618533178946
16.199215593,0.6587735644785352,0.7837210854333969,F11,0.6764550150082794,0.7364839527575094,0.5000002596917226,4.103613153449981e-08,0.5000002596917242,-6.007642401448014e-10,-1.6772863274141873e-06,1.765869025042259e-05,1.7738168755102667e-05,0.06497488459973762,3.5589740245280956,G7,0.7548566215705146,0.6558898389753792,-0.20942546976573384,1.4853083762685104,1.4999999999999991,0.5272388458251953,-0.1086464809475593,-1.814818537684773,G14,-0.8135445580134935,0.5815025813585264,0.0,0.0,0.0,0.0,0.008378290735635119,1.9594910405898944,False,0,0,0,0.5000002596917242,-6.007642401448014e-10,0.03871082855152261,0.7499999999999996,0.0
16.699342201,0.6794689760353906,1.0268418384095417,F10,0.6764550149466569,0.7364839528141093,0.5000000600002628,1.824800880539934e-08,0.5000000600002631,-2.8073693226899166e-10,-1.6772873110521595e-06,1.765868880692024e-05,1.7738167411079047e-05,0.02340004356082344,3.383403589236241,G8,-0.8403121757011839,0.5421028014761986,-0.12864522660268723,-1.2726615526654728,1.2791469899743926,3.2417999903426864,-0.1061609461203617,-1.626793676044159,G13,0.8166547027005673,0.5771265862504066,0.0,0.0,0.0,0.0,1.673425842341203e-10,1.6961826852501671,False,0,0,0,0.5000000600002631,-2.8073693226899166e-10,2.68736675604735e-12,0.6395734949871963,1.2791469899743926
17.209159688,0.7005460652341442,1.2744463764023064,F10,0.6764550148834599,0.7364839528721581,0.5000000178913777,0.0,0.5000000178913777,0.0,-1.6772846345556493e-06,1.765869048297301e-05,1.7738168826537818e-05,-0.016698761685302297,3.5561979640777013,G7,0.8039804417954082,0.5946557400803092,0.018327139643149887,1.30743129873653,1.3075597443189313,-3.111382869389079,-0.1026001887307129,-1.2265349371887417,G13,0.7066251471637824,0.7075880873755315,0.0015377503615675303,1.1292170443990024,1.129218091440884,0.053598880767822266,1.7161783105734685e-10,1.6418257565303316,False,0,0,0,0.5000000178913777,0.0,2.7764029415589565e-12,1.2183889178799077,1.3075597443189313
17.70929479,0.7205916358213578,1.5176227462422267,F10,0.683323369445713,0.7301158625646598,0.5000262080663209,-0.0007362279131862132,0.5000267500691576,0.11856071260247554,0.059281577203101884,-0.004154074726000177,0.05942694449924649,0.012108021224485224,3.365181820779674,G8,-0.5893559772791797,0.8078734628921185,-0.03767560109912181,-1.240898894848672,1.2414707077312923,-3.406256535013097,-0.11019822096784967,-0.710242892599398,G12,0.7171706144085057,0.6968976322451715,0.0,0.0,0.0,0.0,0.018732592975714724,1.2287429257126654,False,0,0,0,0.5000267500691576,0.11856071260247554,0.1187863161230778,0.6207353538656462,1.2414707077312923
18.220052187,0.7299954991255888,1.766421676952576,F9,0.7041278396028029,0.7100732254461273,0.5000090016193989,-0.00020627730366847789,0.500009044168957,0.039520239179168484,2.3451995517749755,0.00033295087089234087,2.345199575409698,-0.007335645046151444,3.6492152789390335,G7,0.5969158565483577,0.8023038453112016,0.0,0.0,0.0,0.0,-0.10691834256739527,-0.3094581926719906,G12,0.7076064815327815,0.7066067274607547,-0.0015956668636971094,1.1285980554039876,1.1285991834191633,0.06450772285461426,0.05777858858752083,1.2720210097441487,False,0,0,0,0.500009044168957,0.039520239179168484,4.47526094450367,0.5642995917095817,0.0
18.729158031,0.7306603525952396,2.0149171469656113,F9,0.7020622956807053,0.7121155334513575,0.4999740470559743,0.000442577369129382,0.49997424294083115,-0.11856072128740111,-0.0592789323986568,-0.004153928650201884,0.05942429595338501,0.06685081333917808,3.9510901175397906,G7,0.6245017554431211,0.7810234039057089,0.21879656953119928,0.9701862915849357,0.9945518484312172,0.24932503700256348,-0.11951909726824583,0.33745837939157497,G11,0.7139811470368995,0.7001649246255294,-0.026523417998510213,1.3572603538799062,1.3575194878588417,0.002344846725463867,0.005809474886759869,1.1306044278053755,False,0,0,0,0.49997424294083115,-0.11856072128740111,4.489784013275462,1.1760356681450295,1.3575194878588417
19.229372546,0.7383954772305268,2.2602817580750645,F9,0.6917887724106947,0.7220999199319165,0.4999914650638265,0.0001674611012489266,0.4999914931075249,-0.039520241718047765,-0.019760034311505838,-0.00044616958601777993,0.01976507078892902,0.12871356152943286,4.492806097059245,G6,0.6968035721148159,0.7172620036555907,0.0318383587061663,1.100085717199164,1.1005463489879477,0.48198461532592773,-0.08586456220936267,0.9800559350200341,G10,0.656829131372743,0.7540394500157985,0.16456432348434955,1.188537975213011,1.1998766332783155,-0.4127812385559082,0.028652173664569958,0.7726236470757895,False,0,0,0,0.4999914931075249,-0.039520241718047765,0.07928443492779497,1.1502114911331316,1.1998766332783155
19.739207642,0.7511347865054528,2.5069470943496532,F9,0.6866920114347607,0.7269484723354622,0.5000003461245972,4.6322515306201906e-08,0.5000003461245993,-9.114304903032233e-10,-1.710445281808738e-06,1.765662776447742e-05,1.7739282033819087e-05,0.1896745475762287,4.828425726775331,G6,0.6124803373641963,0.7904858229862446,0.2546346982121239,0.9873093600912775,1.019616889845116,0.36899566650390625,-0.005038882396534116,1.1915524856772277,G10,0.5760465725474634,0.8174168742179966,0.2662740210819785,0.74555660659549,0.7916795487704278,0.21615386009216309,0.01406920565269143,0.7672546240052047,False,0,0,0,0.5000003461245993,-9.114304903032233e-10,0.03873278175987949,0.9056482193077718,0.7916795487704278
20.239218462,0.7650203876506054,2.7505516667329806,F8,0.6866920113743771,0.7269484723925005,0.500000306948782,4.65353720939532e-08,0.5000003069487841,-7.319529427282131e-10,-1.710454864803943e-06,1.7656625516587252e-05,1.773928072041061e-05,0.22326765043354835,5.442474414668009,G5,0.7382796565555673,0.6744947358698907,-0.11670553675418471,1.2898226808537316,1.295091784528722,0.7956147193908691,0.09488245532616466,1.6630930651014524,G10,0.6837877150112148,0.729680999341316,0.0675962169694902,1.0398523664907078,1.042047116326758,0.8712220191955566,1.6612933251280992e-10,0.5273609742756649,False,0,0,0,0.5000003069487841,-7.319529427282131e-10,2.626760113409187e-12,1.16856945042774,1.042047116326758
20.739488883,0.7787709018209247,2.992662162563975,F8,0.6878546629417602,0.7258484433188916,0.5000085976282149,-0.00010397157485886321,0.5000086084381173,0.039520237132456885,0.019757373924769412,-0.0004449527785865074,0.019762383646168044,0.1898461629159907,5.862836879463624,G5,0.6948924162404793,0.7191137113499286,0.13682595372496859,1.0506514785101384,1.0595234168758552,-0.9524506330490112,0.13079453318005815,1.9323283378684966,G9,0.6261389390922496,0.7797115036681402,0.16411955894916203,0.7422363848108593,0.7601645088839398,0.10293364524841309,0.0032011392827193674,0.49265087378166905,False,0,0,0,0.5000086084381173,0.039520237132456885,0.039467942809770167,0.9098439628798975,0.7601645088839398
21.249242724,0.7898077086139631,3.241918228408662,F8,0.6949781920069036,0.7190308148014215,0.5000123749717587,-0.00012454075727876338,0.5000123904817748,0.05263157894736836,0.019757437984265026,-0.0004457225501812402,0.019762465035865807,0.13102865372505834,6.570473151216361,G4,0.7906320364509388,0.6122915832652294,-0.37529701564477574,1.4522920333211697,1.5000000000000042,0.9857654571533203,0.11621868318491964,2.4274264581611686,G9,0.7351796937657187,0.6778722725370496,-0.09087723511100002,1.1185557264355062,1.1222413220885616,-0.4004502296447754,0.019720599653665793,0.3069385123929129,False,0,0,0,0.5000123904817748,0.05263157894736836,1.596647071907806e-07,1.311120661044283,1.1222413220885616
21.749491754999998,0.7949907170913642,3.4853621682196345,F7,0.7059915461543212,0.7082202600588385,0.5000262807646356,-0.0006774039255921568,0.5000267396163856,0.1185607140857131,0.05927558004433387,-0.0041545784905425934,0.05942099723183979,-0.15652732151821525,6.754181604306357,G4,0.9384469828429189,0.3454233060941636,-0.8140351420768268,0.6931726918384395,1.0691779988601466,-1.507863998413086,0.08800822422021429,2.744451992195445,G8,0.6348597216791908,0.7726274223643763,0.2405712694570089,0.6986988668984173,0.738955101676204,-1.3645729422569275,0.03086530675908561,0.2740957641561168,False,0,0,0,0.5000267396163856,0.1185607140857131,0.07927757924227553,0.9040665502681753,0.738955101676204
22.259517022999997,0.7887311992469992,3.7337603765574348,F7,0.7265479635787282,0.6871157519798096,0.500026143951769,-0.0005022578935221615,0.5000263962015074,0.11856072006571136,0.05928159811413688,-0.004153653397111586,0.059426935908806315,-0.5845007097637367,6.878793877860339,H4,-0.9936805380258411,0.11224521525960464,-0.7069612956270155,-0.5293690112704663,0.883190706250977,4.177649497946323,-0.009190192017506114,3.1667628950905375,G8,0.7696634065625252,0.6384498732074187,-0.36105782816447346,0.9829050095413905,1.0471222531588216,1.6620469093322754,0.0589246755221291,0.22885887165989782,False,0,0,0,0.5000263962015074,0.11856072006571136,1.164388774269209e-05,0.9651564797048993,1.0471222531588216
22.769629613999996,0.7679821569333913,3.980868646077755,F7,0.7445905232752569,0.6675214997645076,0.5000123956223426,-0.00012454076526022956,0.5000124111323601,0.05263157894736836,0.0197573980716682,-0.0004459332057036363,0.019762429885677203,-0.8383982782084983,6.858002137270054,H4,-0.9930441921362968,0.11774222889163316,-0.6991131443042364,-0.37409590442168295,0.7929104200627162,2.553001632256837,-0.0984072524095505,3.653479478491643,G7,0.7789300994578496,0.6271107558945106,0.0,0.0,0.0,0.0,0.053273281473277034,0.1761826362410056,False,0,0,0,0.5000124111323601,0.05263157894736836,0.07775637520605568,0.3964552100313581,0.0
23.279441444999996,0.7384130242253095,4.229114102352917,F7,0.7511492268871519,0.6601324404587402,0.5000123886793736,-0.0001245407670882187,0.5000124041893917,0.05263157894736836,0.019756714754295798,-0.0004461403297578418,0.01976175141723136,-1.1833542429887924,6.856350828511783,H4,-0.9987910281886799,0.04915772584039618,-0.899605909050778,0.06332719418161936,0.9018320936416009,-1.6863357579583926,-0.05685063151913364,3.35703903134205,G8,-0.510892197904825,0.859644788339915,0.0,0.0,0.0,0.0,0.019760119894090877,0.4302369302926532,False,0,0,0,0.5000124041893917,0.05263157894736836,1.3308213042267128e-06,0.45091604682080044,0.0
23.789140060999998,0.7050518463190488,4.475365719885377,F6,0.7540118652358238,0.6568607973404788,0.5000003486311485,4.950162089956134e-08,0.500000348631151,-8.2393478732553e-10,-1.9407023497621398e-06,1.7667935758237802e-05,1.777420264224503e-05,-1.473489823956196,6.86744762578449,I4,0.9959391934604269,0.09002845622021091,-0.9542058206678994,0.6964919536116643,1.1813592974376137,-4.502232034955016,-0.0036208591181894536,3.537261808174573,G7,-0.08244129577251331,0.9965959225038746,0.08239543400399871,-0.5250464465547156,0.5314722745209208,-12.500661611557007,0.008694452661537788,0.425693817538753,False,0,0,0,0.500000348631151,-8.2393478732553e-10,0.03873657215225607,0.8564157859792673,0.5314722745209208
24.290221491999997,0.6713131053934599,4.717022207608975,F6,0.754660479471562,0.6561155086742927,0.5000002709616757,4.236698092352498e-08,0.5000002709616774,-5.916534237582776e-10,-1.9430196717019415e-06,1.7668281261060467e-05,1.7774799244001635e-05,-1.973332849567014,6.833251315983011,J4,-0.9987585209538518,0.049813821596766394,0.0,0.0,0.0,0.0,0.023077702177339624,3.4734750295395873,G8,0.4069905319879572,0.9134323767374132,0.04833985335730009,0.7532691134401004,0.754818586605709,6.683968603610992,0.001976011844249559,0.6523618370688444,False,0,0,0,0.5000002709616774,-5.916534237582776e-10,1.1906283483971797e-09,0.3774092933028545,0.754818586605709
24.799599243999996,0.6354497915719078,4.964437390598424,F6,0.7566018997581039,0.6538758026426744,0.5000002548448159,4.240181576686819e-08,0.5000002548448177,-5.912420990230869e-10,-1.9499802591230625e-06,1.7669338370160253e-05,1.7776612203965833e-05,-2.636268417212212,6.868300597854552,K4,0.9992335803308636,0.0391439898217277,-1.4961617864255183,-0.10723762791108982,1.4999999999999984,1.4986089070374575,0.031259309020153364,3.663277128001244,G7,0.5739435667811222,0.8188948541482988,0.12161218054593213,0.2057113119026832,0.23897001130237955,-1.8573874235153198,0.005928035853134617,0.684595471959982,False,0,0,0,0.5000002548448177,-5.912420990230869e-10,3.55916597668316e-09,0.869485005651189,0.23897001130237955
25.309229746999996,0.5996617036504015,5.208325992496727,F6,0.7572475635368944,0.6531279564653568,0.5000003576581787,4.825933329344334e-08,0.5000003576581811,-8.979528526790482e-10,-1.9523061153149876e-06,1.7669644691092994e-05,1.777717195386733e-05,-3.3845962851972304,6.895584232244557,L4,-0.9999964090692678,0.002679897119221529,-1.4999784552494422,-0.008039514133022507,1.4999999999999993,0.15023533497945607,0.15351127868826966,3.954170330225554,G7,0.58834762426474,0.8086081084320367,0.243773007297986,0.7538213498662483,0.7922574749418756,0.5132496356964111,0.0019760118416449757,0.5811486118765008,False,0,0,0,0.5000003576581811,-8.979528526790482e-10,1.0983445814199243e-09,1.1461287374709375,0.7922574749418756
25.819220273999996,0.5624071996123238,5.455029530142723,F5,0.7598228206056623,0.6501302033331708,0.5000003783369191,4.9647805214214635e-08,0.5000003783369216,-8.232047465406675e-10,-2.0463682987250924e-06,1.8134293268599624e-05,1.8249389457338145e-05,-4.132233236304924,6.8399698154880655,M4,-0.9984679124397725,0.05533378559400026,-1.4908145021421548,-0.16574715744962276,1.4999999999999971,0.15306949615478516,0.22450385995540628,4.376954701721044,G7,0.6808160680902456,0.7324544227664531,0.06312001189295813,0.8626001284285323,0.8649064212192481,0.4707324504852295,0.007904047859137009,0.37978936206167657,False,0,0,0,0.5000003783369216,-8.232047465406675e-10,9.259338722399763e-07,1.1824532106096226,0.8649064212192481
26.329148156999995,0.5234359607150982,5.7009616858572905,F5,0.7617464776896578,0.6478752223434483,0.5000002206119364,4.2494140164994754e-08,0.5000002206119383,-5.919520892051554e-10,-1.9756839053671125e-06,1.7617946068193466e-05,1.772837698594263e-05,-3.7388528555986946,6.82807415120102,L4,-0.11019539555876921,0.9939099430017019,1.2393259972220605,-0.04826076365268328,1.2402653057708237,1.8191779707558453,0.17893794447210135,4.703464793816352,G6,0.7975995636703991,0.6031873142173906,0.0,0.0,0.0,0.0,0.005928035854398939,0.30530987526256603,False,0,0,0,0.5000002206119383,-5.919520892051554e-10,1.0217375608690069e-06,0.6201326528854119,0.0
26.829292939999995,0.48401297689629236,5.94124950097804,F5,0.7622583233244049,0.6472729320169666,0.49999997571397564,5.444252132447147e-09,0.49999997571397564,-1.2993076445455786e-10,-1.970350130010801e-06,1.767268897415497e-05,1.7782188144659032e-05,-3.073226196112338,6.815046991142989,K4,-0.0038008621647244766,0.9999927766973143,1.2913511721000326,-0.009816708246539463,1.2913884843241112,0.126457242295146,0.29049529505664307,4.971502034187294,G6,0.615830032228297,0.7878790334852773,0.045080915281566214,0.5227944526328088,0.5247345315740731,1.5790033340454102,0.001580809442923936,0.2388676567325183,False,0,0,0,0.49999997571397564,-1.2993076445455786e-10,1.075911626901904e-07,0.9080615079490921,0.5247345315740731
27.329461811999995,0.44343997098448185,6.182360344108908,F5,0.7663486128449961,0.6424249400433698,0.5000085939494708,-0.0001039716907796362,0.5000086047593973,0.039520237134307204,0.019757274318516593,-0.0004468554738724601,0.019762326996374823,-2.6211184998658292,6.9109643819073465,J4,0.15045239584480052,0.9886172548486899,0.0,0.0,0.0,0.0,0.2520204331640418,5.304882959565106,G6,0.7207326471500374,0.6932131355738289,-0.03486432469525347,0.8953213284750472,0.8959998897091336,0.07330894470214844,0.012685996915278608,0.14811357847725604,False,0,0,0,0.5000086047593973,0.039520237134307204,0.03947575691641637,0.4479999448545668,0.8959998897091336
27.839306554999993,0.3995858678849125,6.426452688049648,F4,0.7672238133863248,0.6413794665968969,0.500000371439282,4.983559279136962e-08,0.5000003714392844,-8.216743446948666e-10,-1.9883708149370426e-06,1.7675951138368853e-05,1.778743565395801e-05,-2.331080586654604,6.891376506056729,J4,0.11657699121889661,0.9931816576630628,0.8073450186012776,0.3928361260572455,0.8978453101709455,2.1916693914681673,0.16992900100578373,5.59615421322632,G5,0.7327216546328034,0.680528454094439,0.0,0.0,0.0,0.0,0.002726896406398893,0.11147422120379369,False,0,0,0,0.5000003714392844,-8.216743446948666e-10,0.038726572808304736,0.44892265508547274,0.0
28.339904545999993,0.3564166020193099,6.666095773201232,F4,0.7676545471488632,0.6408638671674711,0.5000088119255717,-0.00016739635297714772,0.500008839946616,0.039520240840189756,0.019756963023785715,-0.0004461687031981623,0.019762000264015523,-1.9910218525053818,6.822284527692918,J4,-0.07045809560160483,0.9975147401237714,0.6716047962064353,-0.36150719914265217,0.7627191208560676,-3.5276270579197444,0.2095285979183456,5.774946392720013,G5,0.834364369164599,0.5512132976158691,-0.01703049586472022,0.4044426702586268,0.4048010762279747,-3.610773523661752,0.0013436880036556964,0.15317401650004636,False,0,0,0,0.500008839946616,0.039520240840189756,0.039441254626132904,0.5837600985420212,0.4048010762279747
28.84919440199999,0.311974806264449,6.911096732671883,G4,0.7664374661143419,0.6423189321010228,0.49999133446015737,0.00012659406111877047,0.4999913504864912,-0.03952024016443443,-0.019760422578268367,-0.000446707329731729,0.019765471102662194,-1.74947934504782,6.892223643679935,I4,0.1532731579399801,0.9881838589326917,0.8049534755415855,0.5494290454490347,0.9745883098875726,2.9116566386073828,0.19008821142326815,6.031774782391162,G5,0.7568454924134701,0.653593834589504,0.08370475955310791,0.8360232684640945,0.8402031850601561,-2.4593983590602875,0.0037939432175768673,0.13772936993628226,False,0,0,0,0.4999913504864912,-0.03952024016443443,6.815055524434838e-06,0.9073957474738643,0.8402031850601561
29.349447195999993,0.274754837169331,7.132081829470967,G4,0.7602209238301452,0.6496646419269075,0.42104425119247746,0.00023704090205936557,0.42104431791751246,-0.039520240907614655,-0.016640820280711264,-0.0004447144893238734,0.01664676156469918,-1.2024430247499915,6.833922684189039,H4,-0.015215008605919202,0.9998842450569575,1.3899139428050056,0.10241232944295575,1.393681833714456,1.0398076943238266,0.14019634640367204,6.337442060046048,G4,0.7176197024725524,0.6964351819252137,-0.03146016002573637,1.0497374248768043,1.0502087425154245,-1.712794303894043,0.01924635710615208,0.05595182895060158,False,0,0,0,0.42104431791751246,-0.039520240907614655,0.006234267105288784,1.2219452881149402,1.0502087425154245
29.849482029999994,0.24640304156026202,7.302691119313385,G3,0.7658024770711699,0.6430758634180227,0.31579850869328985,-0.00018711900569880202,0.31579856412977586,0.03952023915588834,0.012477904467010262,-0.00044044932794484325,0.012485675612409675,-0.7454716863362431,6.895322320511276,H4,0.09260682515003806,0.9957027548097024,1.4299635994361493,0.45299459631171324,1.5,1.2130673974752426,0.05062688489039849,6.498855255426046,G4,0.7528053745340597,0.6582431678890668,0.23094816161411863,0.5250934674489205,0.5736376930698257,-5.481895804405212,0.017270344775210944,0.07733330622665457,False,0,0,0,0.31579856412977586,0.03952023915588834,0.008321592155896677,1.0368188465349129,0.5736376930698257
30.360598986999992,0.22273055909561107,7.434369281423488,G3,0.765700809399279,0.6431969142373629,0.21051395148600238,0.00012454077598095942,0.21051398832537435,-0.052631578947368474,-0.00832100433103446,-0.00043924925330419897,0.008332589812514626,-0.2760148455331874,6.913737894815985,G4,0.07718715224025102,0.9970166214908558,1.0979208153927311,0.1710229622540993,1.1111610911523164,0.12732073664665222,0.10384749064941827,6.551066041928046,G4,0.1264904998247129,0.9919678187593055,0.014972240734554415,0.15074659524783485,0.15148829648335213,12.181399594992401,0.00031616208768614484,0.0,False,1,0,0,0.21051398832537435,-0.052631578947368474,0.008125509715568014,0.6313246938178343,1.1111610911523164
30.869625854999992,0.20739891922885872,7.526624602415079,G3,0.7593215751119907,0.6507155642587799,0.15788637563922583,0.00014347873906065886,0.15788644083213507,-0.03952024090778134,-0.006241036232136438,-0.0004372312181096526,0.006256333142418923,0.023733209457787244,6.808819407510202,G4,-0.04889812775896402,0.9988037710690063,0.8921389319410533,0.11021188262078319,0.898920760109444,2.207492021843791,0.15195112674637906,6.685621309220941,G4,0.5395940522989077,0.8419253284725693,0.2672246281210794,0.311133056116617,0.41013751411315097,-2.787377898196568,0.019720599987589793,0.0,False,1,0,0,0.15788644083213507,-0.03952024090778134,0.004078874418266868,0.6545291371112975,0.898920760109444
31.20922084699999,0.20119569233767576,7.567960592468423,G3,0.7538820533113059,0.6570097789944269,3.458595131256678e-07,5.182415345797287e-08,3.4972066810693285e-07,2.9804983883749506e-09,-0.003896605743954661,-0.004054401401672912,0.005623318152986521,0.47984869493145554,6.573579958252914,F4,-0.22472891503727255,0.9744213230149319,1.3484907404490787,-0.6569419479094751,1.5,0.36173880100250244,0.1308025800926633,6.5755623812173525,G4,-0.777305118390887,0.6291237977722105,-0.18926490038423893,-0.2550772968540471,0.31762498309771475,-4.284097258268558,0.016638020997644,0.24489165236515242,True,0,0,1,3.4972066810693285e-07,2.9804983883749506e-09,0.0018640292240599513,0.9088124915488573,0.31762498309771475
